1832
10696 4623
mat 98
-153 71
-146 75
-135 81
-126 86
-116 90
-96 97
-86 99
-71 104
-59 106
-38 110
-20 112
-7 113
13 114
33 116
54 116
73 117
85 116
102 116
118 114
131 113
144 110
155 105
170 97
185 86
229 37
244 19
259 3
274 -13
289 -28
300 -40
314 -55
322 -64
332 -73
341 -82
349 -90
356 -97
362 -101
369 -108
376 -114
380 -106
381 -97
382 -81
382 -72
381 -59
381 -49
380 -38
379 -24
377 -14
374 -3
372 7
369 19
366 28
361 40
356 52
350 64
345 73
337 85
329 94
322 101
311 110
301 118
289 125
276 132
267 137
249 144
239 147
224 151
212 154
195 158
177 161
155 165
131 169
105 174
69 178
46 181
15 183
-11 187
-39 190
-64 193
-90 196
-112 198
-133 198
-149 198
-163 195
-175 192
-186 188
-193 183
-201 178
-209 174
-220 168
-229 162
-237 157
-245 153
-253 147
-265 138
-272 133
-280 128
-292 121
mat 63
446 -145
478 -145
512 -151
560 -161
598 -172
646 -188
680 -200
720 -219
760 -243
784 -266
812 -293
836 -325
856 -358
884 -401
900 -430
928 -475
994 -559
1026 -590
1054 -614
1082 -637
1108 -655
1136 -670
1166 -690
1206 -707
1240 -709
1260 -674
1292 -635
1310 -604
1330 -565
1348 -528
1362 -487
1368 -448
1378 -407
1382 -364
1382 -327
1378 -288
1370 -256
1362 -221
1338 -180
1308 -137
1284 -112
1246 -81
1202 -49
1166 -24
1124 0
1082 26
1052 43
1016 69
978 92
950 112
922 129
888 149
854 161
818 172
780 178
740 180
704 163
676 143
640 122
604 110
552 102
514 98
480 98
mat 102
854 -1082
830 -1143
806 -1209
786 -1286
722 -1323
654 -1278
598 -1229
550 -1180
502 -1123
446 -1057
402 -1000
338 -893
278 -811
222 -741
142 -684
70 -651
6 -618
-93 -569
-181 -528
-265 -475
-345 -430
-421 -389
-529 -319
-593 -286
-677 -278
-745 -303
-813 -327
-893 -368
-961 -393
-1041 -393
-1105 -364
-1185 -311
-1269 -241
-1333 -209
-1409 -204
-1481 -200
-1605 -200
-1757 -217
-1829 -241
-1889 -266
-1961 -299
-2097 -372
-2205 -438
-2285 -504
-2329 -582
-2337 -647
-2321 -725
-2281 -791
-2229 -840
-2161 -856
-2089 -868
-2013 -897
-1949 -918
-1837 -979
-1777 -1016
-1709 -1065
-1589 -1143
-1481 -1209
-1393 -1229
-1345 -1184
-1285 -1102
-1241 -1032
-1197 -983
-1105 -897
-1009 -823
-909 -754
-853 -717
-777 -684
-701 -680
-621 -696
-529 -737
-433 -795
-381 -840
-301 -909
-201 -1024
-153 -1082
-57 -1200
-17 -1254
30 -1311
110 -1409
154 -1459
226 -1516
310 -1573
390 -1627
462 -1651
546 -1672
626 -1676
726 -1668
802 -1647
902 -1618
990 -1577
1074 -1520
1138 -1467
1182 -1409
1210 -1352
1238 -1291
1262 -1205
1266 -1094
1258 -1028
1254 -930
1238 -844
1222 -782
mat 119
532 787
612 759
708 710
768 685
856 656
924 648
996 619
1072 595
1200 554
1272 570
1340 591
1420 636
1488 648
1556 656
1628 603
1672 542
1752 443
1840 349
1924 255
2032 156
2160 58
2232 -3
2344 -48
2344 17
2348 95
2348 197
2352 316
2356 431
2336 554
2304 742
2240 939
2160 1173
2084 1357
2008 1513
1928 1595
1832 1673
1744 1767
1660 1857
1544 1956
1500 1886
1472 1779
1452 1669
1400 1529
1344 1574
1252 1669
1164 1792
1084 1898
1032 1943
1004 1878
972 1771
936 1628
912 1488
880 1382
832 1337
716 1382
532 1488
340 1640
172 1800
36 1939
-87 2091
-107 2021
-135 1894
-207 1824
-303 1870
-411 1931
-487 1902
-483 1816
-483 1734
-491 1665
-507 1591
-503 1525
-499 1439
-495 1353
-479 1247
-499 1128
-595 1185
-691 1255
-799 1353
-927 1460
-1055 1525
-1191 1607
-1331 1697
-1447 1767
-1519 1796
-1595 1796
-1667 1779
-1763 1730
-1855 1669
-1967 1587
-2055 1533
-2159 1476
-2255 1431
-2247 1357
-2215 1279
-2155 1148
-2087 1033
-1995 906
-1931 837
-1827 742
-1767 710
-1691 685
-1587 673
-1471 681
-1371 689
-1319 734
-1259 779
-1179 812
-1079 812
-963 804
-843 779
-715 746
-571 697
-391 619
-231 550
-51 460
56 406
172 357
244 320
328 275
mat 15
2160 -183
2020 -277
1824 -535
1832 -609
1832 -683
1980 -1068
2048 -1109
2128 -1150
2212 -1187
2568 -1101
2712 -1031
2788 -958
2848 -859
2880 -716
2864 -437
mat 5
1800 54
1740 103
1460 197
1420 136
1632 -126
mat 8
1628 -908
1592 -790
1620 -691
1640 -597
1636 -515
1480 -556
1448 -732
1456 -798
mat 15
1708 -1302
1644 -1347
1580 -1392
1556 -1458
1548 -1552
1588 -1663
1640 -1736
1692 -1814
1740 -1863
1844 -1913
1932 -1814
1960 -1753
1976 -1675
1944 -1601
1920 -1535
mat 25
2516 -1609
2624 -1556
2704 -1552
2772 -1544
2888 -1572
2964 -1593
3024 -1617
3116 -1728
3152 -1818
3216 -1831
3252 -1745
3280 -1626
3292 -1511
3292 -1384
3304 -1269
3316 -1179
3328 -1081
3320 -1015
3280 -953
3180 -1019
3040 -1097
2940 -1167
2872 -1208
2776 -1249
2708 -1277
mat 4
-72 -80
-46 -158
84 -178
77 -82
mat 76
-1385 -140
-1343 -151
-1307 -151
-1269 -140
-1229 -106
-1211 -60
-1199 -19
-1191 39
-1181 102
-1165 164
-1145 217
-1117 275
-1087 316
-1049 344
-1011 350
-971 348
-925 338
-883 328
-829 297
-795 273
-757 227
-739 193
-739 158
-741 115
-753 68
-765 16
-783 -34
-799 -67
-803 -106
-805 -142
-791 -206
-773 -237
-737 -243
-703 -243
-663 -224
-637 -194
-629 -163
-623 -126
-615 -81
-611 -46
-605 2
-603 35
-601 80
-609 119
-623 176
-633 219
-649 277
-661 322
-685 389
-701 422
-731 461
-759 488
-805 521
-857 551
-903 564
-951 570
-1005 572
-1057 568
-1105 562
-1149 553
-1191 541
-1225 525
-1257 508
-1297 478
-1325 443
-1349 408
-1371 359
-1383 312
-1393 264
-1401 232
-1403 193
-1413 129
-1417 94
-1425 39
-1429 6
-1435 -28
mat 6
2469 444
2443 -36
4737 43
4539 957
3427 1096
2679 926
mat 6
2913 -443
2924 -753
2977 -912
3058 -973
3647 -712
4171 -390
mat 8
2993 -192
3060 -266
3288 -290
3531 -255
3640 -238
3752 -182
3715 -133
3353 -110
mat 4
4701 421
4806 -39
5235 -49
5135 415
mat 4
5199 340
5316 -152
5424 -156
5339 326
mat 5
5414 50
5489 -355
5582 -367
5481 200
5387 196
mat 4
5256 -376
5224 -176
5091 -167
5154 -367
mat 5
5313 -498
5404 -648
5400 -703
5486 -715
5477 -483
mat 37
5674 303
5864 -192
6198 -22
6418 90
6506 124
6574 196
6604 342
6592 674
6488 1077
6490 1112
6536 1391
6552 1422
7126 1559
7238 1508
7292 1432
7320 1360
7346 1250
7484 1053
7634 969
7798 1018
7904 1213
7858 1403
7691 2082
7863 2110
8035 2065
8171 1897
8208 1766
8307 1754
8432 1770
8408 1922
8388 2155
8307 2516
7967 2680
6935 2610
5727 2377
4855 2172
4347 1635
mat 15
6746 445
6835 430
7000 452
7080 538
6983 749
6888 892
6856 764
6825 831
6796 822
6769 784
6745 770
6766 690
6730 663
6731 602
6692 506
mat 32
8301 498
8392 450
8456 364
8461 260
8473 87
8496 -132
8622 -146
8673 -48
8668 160
8845 579
8862 585
8876 595
8892 588
8907 580
8922 571
8937 560
8951 546
8956 529
8961 514
8962 498
9232 65
9218 608
9189 734
9065 760
8769 731
8755 724
8605 710
8590 707
8434 733
8148 705
8029 654
8055 536
mat 8
3315 1779
3470 1449
3816 1145
4285 1072
4661 1065
4658 1214
4064 1725
3551 1886
mat 22
3186 2100
3709 1932
3971 1915
4033 2020
4069 2212
4174 2318
4366 2319
4446 2201
4414 2104
4424 2018
4548 2036
4664 2142
4792 2320
4941 2445
5135 2544
5219 2636
4959 2892
3921 2949
3069 2798
2835 2595
3029 2451
2957 2232
mat 10
768 1533
778 1467
792 1563
830 1591
866 1579
897 1547
889 1587
862 1636
776 1637
760 1603
mat 12
648 1505
646 1546
641 1630
653 1701
685 1719
707 1703
742 1593
734 1680
722 1749
655 1760
613 1716
630 1510
mat 11
1242 1837
1237 1899
1263 1974
1311 2014
1394 2012
1400 2033
1377 2037
1302 2040
1226 1994
1198 1922
1207 1802
mat 11
262 1869
270 1923
368 2040
512 2103
740 2111
870 2089
814 2162
576 2162
340 2103
234 1958
192 1851
mat 12
-413 2033
-413 2103
-391 2224
-325 2283
-263 2316
-195 2320
-131 2345
-207 2374
-377 2333
-453 2230
-467 2066
-437 1956
mat 20
-1457 1953
-1293 1894
-1155 1906
-1147 2013
-1111 2117
-999 2156
-889 2081
-817 2019
-669 1976
-579 2152
-623 2308
-721 2318
-691 2165
-737 2025
-811 2081
-905 2167
-1043 2249
-1133 2201
-1215 1972
-1345 1986
mat 11
1345 379
1366 329
1433 295
1557 292
1632 357
1630 402
1605 377
1549 364
1525 394
1480 375
1426 379
mat 7
1086 313
1209 234
1308 257
1318 336
1309 362
1275 302
1225 337
mat 10
755 420
861 317
885 314
1037 321
1077 410
1070 436
996 408
911 436
877 478
819 445
mat 9
1695 -665
1677 -734
1653 -861
1697 -980
1779 -1144
1829 -1165
1865 -1120
1855 -1046
1809 -968
mat 69
589 -1775
661 -2177
829 -2579
853 -3177
965 -2898
1109 -2325
1461 -2669
1693 -3087
2293 -3710
3141 -3939
2981 -3718
2733 -3234
2573 -2874
2469 -2513
2157 -2210
2053 -2046
2237 -2128
2525 -2333
2789 -2661
3053 -3136
3093 -2538
3085 -2308
3229 -2259
3709 -2374
3725 -1775
3565 -1406
3485 -1275
3765 -1341
4245 -1431
4061 -1136
3445 -865
3423 -911
3406 -1087
3372 -1310
3357 -1434
3394 -1523
3434 -1720
3332 -1745
3430 -1931
3216 -2103
2790 -1962
2506 -1681
2142 -1439
2294 -1650
2328 -1882
2158 -1767
2022 -1634
2102 -1827
1970 -1941
1884 -2046
1910 -2177
1916 -2318
1780 -2298
1684 -2068
1456 -1751
1430 -1700
1414 -1663
1320 -1505
1356 -1745
1450 -2060
1402 -2212
1270 -2087
1256 -2054
1196 -1835
1118 -1710
1038 -1902
950 -1886
952 -1837
918 -1663
mat 15
3220 -2511
3282 -2706
3240 -2974
3236 -3210
3422 -3564
3830 -3821
3992 -3835
3924 -3728
3798 -3482
3788 -3450
3752 -3263
3810 -3056
3890 -2859
3852 -2700
3610 -2570
mat 12
3782 -1562
3942 -1882
3972 -2169
4026 -2529
4300 -2734
4338 -2747
4758 -2843
4650 -2724
4546 -2564
4464 -2189
4474 -1925
4346 -1661
mat 7
3874 -829
4196 -947
4478 -1103
4678 -1251
4634 -1027
4522 -722
4334 -599
mat 23
-1873 2958
-1085 3302
-768 3765
-553 4044
-16 4200
179 3966
347 3978
663 4257
935 4331
1159 4060
1267 3814
1491 3970
2007 3904
2331 3314
2603 2835
2775 2872
2835 3060
2759 3556
2243 4335
1395 4667
-253 4564
-1293 4097
-1620 3519
mat 12
2463 1816
2563 1974
2604 2071
2601 2160
2547 2190
2389 2153
2264 2089
2220 2061
2276 2036
2437 2087
2503 2082
2514 1999
mat 12
2527 1391
2574 1343
2626 1329
2693 1336
2660 1399
2677 1458
2740 1422
2725 1486
2681 1572
2621 1595
2548 1576
2533 1478
mat 11
2973 1620
2955 1520
2975 1456
3023 1413
3095 1409
3143 1440
3085 1485
3113 1538
3163 1522
3121 1601
3069 1665
mat 11
2307 1637
2419 1575
2517 1612
2563 1671
2561 1706
2516 1713
2546 1754
2527 1760
2488 1765
2417 1796
2327 1755
mat 9
3067 1721
3136 1686
3211 1693
3239 1758
3210 1835
3184 1845
3166 1849
3111 1862
3035 1834
mat 6
2739 1677
2843 1680
2908 1697
2882 1737
2826 1769
2791 1739
mat 27
2584 1722
2623 1789
2676 1821
2760 1841
2801 1821
2819 1795
2816 1830
2851 1857
2909 1852
2934 1831
2980 1765
2988 1765
2972 1787
2951 1836
2924 1852
2849 1868
2843 1887
2839 1906
2823 1943
2790 1949
2731 1903
2710 1877
2689 1851
2651 1824
2604 1799
2594 1779
2561 1723
mat 13
2313 861
2356 691
2358 607
2373 544
2459 548
2517 670
2565 835
2587 917
2497 800
2489 918
2419 788
2394 862
2378 772
mat 8
3764 1088
3796 1113
3717 1180
3611 1226
3656 1149
3591 1154
3622 1128
3567 1117
mat 19
1756 2757
1814 2913
1950 3038
2118 3150
2200 3126
2214 3058
2162 2978
2088 2894
1976 2777
1930 2695
1948 2656
2030 2783
2110 2855
2248 3072
2234 3144
2158 3185
1954 3091
1828 2984
1686 2732
mat 4
2066 3031
2104 3044
2130 3087
2086 3066
mat 6
2169 3079
2149 3032
2135 3016
2147 3012
2174 3057
2181 3075
mat 4
2918 2910
2944 2887
2992 2928
2996 2965
mat 4
3052 2887
3086 2912
3084 2955
3008 2879
mat 43
8420 2513
8500 1824
8614 1796
8760 1882
8690 3318
8846 3683
9450 3675
9578 3519
9678 3183
9730 3077
9930 3060
9882 3761
9986 4224
10330 4622
10398 4667
10478 4700
10962 4757
11354 4519
11554 4130
11642 3531
11630 3068
11638 2695
11878 2658
11894 3077
12074 3208
12414 2978
12542 2482
12566 2117
12706 2117
12974 2281
13662 2109
13990 1851
14410 1322
14510 1716
14442 2966
14506 3691
14354 4323
14410 4823
14166 5503
8898 5835
7414 4962
7298 3499
7826 2794
mat 12
14570 3171
14614 2888
14658 3138
14866 3667
14894 3732
15194 4286
15274 4380
16002 4954
17418 5286
17349 5462
15521 5556
14917 5126
mat 15
15077 6495
16221 7376
17541 7413
18225 7606
17718 8290
16482 8442
16417 8454
16353 8454
16273 8446
14749 7921
14717 7856
14405 6556
14393 6474
14453 5523
14545 5220
mat 13
18154 8175
18690 7692
19986 7397
21666 6987
23082 6544
24954 6208
26050 6421
26706 6962
26274 7528
25650 7339
24234 7208
23194 7446
21058 8101
mat 14
17786 5437
18226 5200
19122 4978
19722 4790
20162 4486
20682 3511
20922 2486
20826 1380
20658 716
20778 650
21138 1453
20978 3486
20570 4577
19474 5085
mat 11
19858 273
19314 -62
18738 -398
18194 -374
17874 -464
17498 -423
17554 -660
18570 -628
19354 -333
19834 -119
20362 388
mat 8
16250 -111
15954 183
15138 1322
15018 1806
14826 1790
14786 1068
15266 281
16010 -218
mat 13
17106 2003
17458 1658
17914 1519
18218 1642
18426 2044
17826 2093
17698 2470
18114 2617
18378 2585
18282 2872
17914 3019
17402 2937
17138 2609
mat 14
18670 900
18422 630
18518 359
18830 343
19582 589
19798 777
19614 908
19774 1220
20046 1056
20190 1400
20150 1851
19974 2081
19574 1999
19318 1531
mat 35
12874 6142
13770 5896
14026 7897
14570 8831
16554 9274
20506 9028
25290 8421
30394 8716
36010 9454
38122 9897
40938 9749
42538 8995
43786 7257
44906 4372
45418 5191
45994 3650
46314 1093
46922 2732
47594 2240
47690 929
48202 43
48938 -611
48426 5257
48714 11094
48554 12372
45738 13323
39530 12995
35082 10733
32714 11815
30314 12307
27498 11290
22730 10503
18474 12208
14026 11815
11882 8634
mat 14
9037 2607
9051 2458
9043 2277
9137 2185
9301 2136
9491 2259
9759 2501
9661 2581
9557 2667
9521 2831
9401 2919
9383 2814
9315 2669
9233 2896
mat 8
11078 214
11418 181
11426 324
11378 599
11278 685
11158 460
11046 419
10986 255
mat 10
10838 -123
10834 -104
10784 -108
10782 -95
10818 -89
10819 -72
10784 -74
10777 -39
10755 -44
10752 -118
mat 10
10865 -116
10863 -59
10886 -49
10897 -117
10912 -115
10914 -62
10909 -24
10879 -21
10843 -33
10850 -118
mat 11
10994 -85
10949 -92
10941 -71
10952 -43
10985 -44
10989 -24
10962 -19
10930 -20
10926 -80
10941 -110
10983 -109
mat 12
11030 -104
11033 -80
11050 -103
11073 -99
11064 -84
11039 -58
11076 -12
11062 -6
11032 -32
11031 -5
11008 -7
11016 -99
mat 9
11179 -71
11204 -97
11219 -91
11194 -49
11168 -6
11155 -9
11170 -56
11140 -78
11149 -90
mat 13
11240 -100
11300 -92
11294 -72
11255 -83
11253 -68
11288 -56
11282 -44
11242 -50
11245 -33
11282 -24
11279 -6
11217 -13
11228 -83
mat 8
11304 -10
11338 -87
11372 -85
11385 -18
11370 6
11357 -26
11338 -25
11326 -5
mat 12
11426 -86
11430 -58
11447 -58
11457 -92
11478 -84
11461 7
11445 6
11446 -32
11424 -33
11413 5
11397 0
11410 -88
mat 9
11041 4651
11121 4590
11193 4499
11415 4169
11582 2714
11611 2720
11513 4135
11290 4522
11085 4640
mat 12
20539 2595
20471 2464
20375 2259
20315 2175
20293 2056
20339 1800
20395 1636
20449 1349
20433 1126
20653 1613
20663 2081
20745 2429
mat 147
6116 -3011
6180 -2872
6252 -2749
6332 -2577
6420 -2397
6492 -2274
6596 -2085
6700 -1938
6772 -1823
6860 -1716
6964 -1634
7076 -1552
7260 -1462
7436 -1364
7676 -1282
7820 -1249
7956 -1224
8108 -1233
8244 -1282
8468 -1388
8588 -1454
8748 -1536
8892 -1610
9036 -1692
9228 -1831
9396 -1962
9604 -2142
9700 -2257
9788 -2372
9916 -2495
10068 -2634
10228 -2733
10404 -2815
10580 -2880
10796 -2913
11004 -2872
11124 -2815
11252 -2774
11388 -2692
11500 -2602
11612 -2495
11700 -2364
11804 -2216
11956 -2011
12052 -1905
12164 -1806
12276 -1708
12460 -1560
12676 -1429
12820 -1356
13028 -1282
13236 -1265
13452 -1274
13644 -1339
13860 -1495
13980 -1585
14132 -1757
14236 -1880
14356 -2036
14508 -2224
14716 -2462
14892 -2642
15068 -2782
15244 -2888
15404 -2913
15604 -2815
15724 -2733
15860 -2610
15964 -2470
16076 -2290
16140 -2110
16164 -1954
16140 -1823
16100 -1626
16044 -1454
15972 -1282
15876 -1151
15716 -995
15596 -913
15476 -839
15316 -774
15108 -733
14956 -724
14780 -733
14588 -733
14420 -757
14252 -782
14068 -814
13892 -831
13644 -880
13476 -913
13236 -970
13028 -1011
12884 -1036
12740 -1077
12548 -1126
12372 -1167
12228 -1216
12076 -1249
11884 -1282
11700 -1315
11540 -1347
11396 -1356
11236 -1372
11068 -1364
10892 -1364
10652 -1323
10404 -1282
10204 -1241
10036 -1183
9828 -1126
9580 -1069
9300 -1019
9076 -978
8916 -946
8756 -913
8508 -872
8284 -831
8012 -765
7740 -708
7468 -634
7236 -585
6964 -536
6716 -519
6516 -528
6372 -544
6180 -577
5996 -626
5836 -683
5668 -790
5484 -946
5340 -1110
5244 -1315
5204 -1454
5180 -1593
5172 -1741
5148 -1962
5124 -2208
5132 -2421
5132 -2634
5124 -2847
5100 -3028
5116 -3216
5180 -3413
5276 -3528
5460 -3503
5572 -3438
mat 55
6579 -3639
6631 -3680
6703 -3742
6807 -3812
6975 -3840
7147 -3840
7295 -3820
7387 -3787
7459 -3758
7515 -3717
7607 -3668
7759 -3602
7931 -3549
8043 -3504
8163 -3480
8275 -3480
8387 -3492
8515 -3516
8615 -3578
8695 -3627
8759 -3672
8839 -3689
8911 -3643
9031 -3570
9159 -3455
9223 -3344
9267 -3234
9275 -3090
9211 -3012
9095 -2955
8975 -2889
8899 -2836
8787 -2787
8663 -2758
8511 -2746
8367 -2762
8243 -2791
8099 -2828
7963 -2857
7839 -2893
7715 -2955
7627 -3008
7571 -3045
7491 -3098
7411 -3127
7327 -3143
7227 -3156
7155 -3156
7051 -3135
6979 -3111
6899 -3057
6811 -3000
6755 -2963
6687 -2951
6607 -2951
mat 35
7327 -2520
7427 -2459
7531 -2393
7603 -2311
7679 -2238
7743 -2209
7863 -2184
7955 -2188
8047 -2205
8139 -2234
8227 -2270
8295 -2324
8403 -2410
8495 -2430
8567 -2397
8627 -2365
8707 -2291
8775 -2221
8747 -2152
8651 -2078
8547 -1988
8463 -1938
8375 -1906
8203 -1881
8071 -1856
7935 -1844
7767 -1828
7643 -1844
7487 -1906
7427 -1943
7351 -1988
7227 -2078
7127 -2180
7047 -2283
6975 -2385
mat 40
10211 -3389
10255 -3439
10303 -3508
10335 -3574
10383 -3635
10447 -3705
10527 -3754
10627 -3795
10771 -3832
10963 -3848
11143 -3840
11379 -3812
11603 -3783
11735 -3746
11871 -3684
11991 -3590
12071 -3480
12079 -3406
12079 -3320
12039 -3184
11971 -3107
11895 -3078
11787 -3066
11663 -3066
11559 -3094
11503 -3143
11451 -3193
11339 -3262
11259 -3316
11159 -3340
11083 -3361
11007 -3357
10899 -3344
10795 -3311
10699 -3266
10623 -3230
10539 -3164
10479 -3098
10407 -3033
10311 -2947
mat 18
10067 -2902
9955 -2820
9875 -2758
9763 -2693
9695 -2656
9563 -2586
9491 -2557
9403 -2520
9331 -2479
9331 -2545
9391 -2607
9487 -2668
9559 -2709
9671 -2775
9755 -2824
9851 -2881
9923 -2922
9971 -2967
mat 8
8815 -2344
8959 -2393
9095 -2406
9111 -2344
9131 -2262
9091 -2205
8987 -2197
8915 -2201
mat 5
9231 -2336
9335 -2381
9371 -2316
9351 -2188
9291 -2123
mat 12
10071 -3061
10119 -3135
10151 -3221
10167 -3291
10187 -3180
10203 -3094
10199 -2988
10199 -2869
10195 -2779
10151 -2828
10139 -2893
10151 -2959
mat 11
27209 7113
28629 7207
29921 6732
30765 6134
31165 5314
31573 4215
32277 4289
32029 6486
31549 7568
29173 8068
26933 7691
mat 14
32469 4273
32597 1641
33805 1527
33381 2199
33261 2715
33301 3150
33389 3453
33421 4183
33317 5142
33285 5273
32965 6068
32397 6912
32125 6945
32397 6215
mat 6
31009 3465
31345 3359
31413 3412
31409 3740
31309 4002
31125 3801
mat 16
31590 3928
31791 3949
32072 4124
31995 4147
31900 4154
31866 4146
31828 4114
31765 4066
31706 4043
31649 4043
31612 4063
31609 4103
31541 4132
31441 4125
31373 4024
31423 3827
mat 6
31570 3673
31583 3626
31650 3579
31736 3554
31701 3718
31643 3760
mat 10
31845 3627
31851 3503
32020 3385
32119 3289
32221 3196
32274 3109
32316 3095
32374 3124
32361 3264
32273 3672
mat 22
32179 3078
32011 2908
31885 2723
31591 2596
31325 2541
31035 2467
30793 2432
30511 2373
29435 2283
28867 2066
27515 1709
26539 1275
24299 881
22619 955
21003 742
22659 365
26227 512
28603 1209
29691 1643
31431 2119
32055 2586
32287 2889
mat 9
2092 2643
2368 2665
2647 2648
2690 2628
2581 2695
2483 2794
2405 2825
2279 2793
2159 2723
mat 5
5622 -534
5683 -359
5774 -258
5649 233
5489 269
mat 7
160994 788266
161229 788256
161217 788323
161163 788370
161091 788398
161019 788352
160988 788301
mat 9
161075 788621
372447 689095
474847 611449
538335 615646
534239 825498
442079 901045
-389408 926227
-303392 798218
-45344 749952
mat 4
5697 7468
7629 7408
7699 7734
5671 7757
mat 4
6649 7360
6821 7152
6868 7157
6712 7330
mat 4
6773 7373
6929 7194
6986 7226
6820 7339
mat 3
6228 7336
6325 7126
6433 7189
mat 5
4092 1844
4226 1731
4342 1835
4280 1886
4168 1865
